    0    1    1    1    1    1    1 Zeltplatz                  0
    0    1    1    1    1    1    1 einfache Hütte             1
    0    1    1    1    1    1    1 kleiner Bungalow           2
    0    1    1    1    1    1    1 Eis-Stand                  3
    0    1    1    1    1    1    1 Hot-Dog-Stand              4
   15    1    1    1    1    1    1 Cocktailbar                5
    0    1    1    1    1    1    1 Bolzplatz                  6
    6    1    1    1    1    1    1 Tennisplatz                7
   20    1    1    1    1    1    1 Park mit Wasser            8
    9    1    1    1    1    1    1 Swimmingpool               9
    0    1    1    1    1    1    1 Fahrrad-Verleih           10
    0    0    0    0    0    0    0 Bruecke                   11
    0    0    0    0    0    0    0 Palme                     12
    0    1    1    1    1    1    1 großer Bungalow           13
    0    1    1    1    1    1    1 großer Bungalow           14
    0    1    1    1    1    1    1 kleine Villa              15
    0    1    1    1    1    1    1 kleine Villa              16 
   66    1    1    1    1    1    1 Villa      		      17		
   50    1    1    1    1    1    1 Luxusvilla			18
    8    1    1    1    1    1    1 Palmbar			19
    0    1    1    1    1    1    1 Haifischbar			20
    3    1    1    1    1    1    1 Kiosk			21
    8    1    1    1    1    1    1 Laden			22
    2    1    1    1    1    1    1 Hubschrauber-Landeplatz	23
    2    1    1    1    1    1    1 Strandkörbe			24
    1    1    1    1    1    1    1 Wc Donalds			25
    1    1    1    1    1    1    1 Jeepverleih			26
    5    1    1    1    1    1    1 Autosalon			27
    2    1    1    1    1    1    1 Moritz-Tower		28
    2    1    1    1    1    1    1 Osterinsel			29
    1    1    1    1    1    1    1 Stonehenge			30
    0    0    0    0    0    0    0 kleine Baustelle		31
    2    1    1    1    1    1    1 Kraftwerk			32
    2    1    1    1    1    1    1 Klaehranlage		33
    3    1    1    1    1    1    1 Tower			34
    3    1    1    1    1    1    1 Landebahn			35
    1    1    1    1    1    1    1 Steg			36
    1    1    1    1    1    1    1 Anleger			37
    1    1    1    1    1    1    1 Hotel1			38
    0    0    0    0    0    0    0
    0    0    0    0    0    0    0
    0    0    0    0    0    0    0
    0    0    0    0    0    0    0
    0    0    0    0    0    0    0
    0    0    0    0    0    0    0
    0    0    0    0    0    0    0
    0    0    0    0    0    0    0
    0    0    0    0    0    0    0
    0    0    0    0    0    0    0
    0    0    0    0    0    0    0
    0    0    0    0    0    0    0
    0    0    0    0    0    0    0
    0    0    0    0    0    0    0
    0    0    0    0    0    0    0
    0    0    0    0    0    0    0
    0    0    0    0    0    0    0
    0    0    0    0    0    0    0
    0    0    0    0    0    0    0
    0    0    0    0    0    0    0
    0    0    0    0    0    0    0
    0    0    0    0    0    0    0
    0    0    0    0    0    0    0
    0    0    0    0    0    0    0
    0    0    0    0    0    0    0
    0    0    0    0    0    0    0
    0    0    0    0    0    0    0
    0    0    0    0    0    0    0
    0    0    0    0    0    0    0
    0    0    0    0    0    0    0
    0    0    0    0    0    0    0
    0    0    0    0    0    0    0
    0    0    0    0    0    0    0
    0    0    0    0    0    0    0
    0    0    0    0    0    0    0
    0    0    0    0    0    0    0
    0    0    0    0    0    0    0
    0    0    0    0    0    0    0
    0    0    0    0    0    0    0
    0    0    0    0    0    0    0
    0    0    0    0    0    0    0
    0    0    0    0    0    0    0
    0    0    0    0    0    0    0
    0    0    0    0    0    0    0
    0    0    0    0    0    0    0
    0    0    0    0    0    0    0
    0    0    0    0    0    0    0
    0    0    0    0    0    0    0
    0    0    0    0    0    0    0
    0    0    0    0    0    0    0
    0    0    0    0    0    0    0
    0    0    0    0    0    0    0
    0    0    0    0    0    0    0
    0    0    0    0    0    0    0
    0    0    0    0    0    0    0
    0    0    0    0    0    0    0
    0    0    0    0    0    0    0
    0    0    0    0    0    0    0
    0    0    0    0    0    0    0
    0    0    0    0    0    0    0
    0    0    0    0    0    0    0
    0    0    0    0    0    0    0
    0    0    0    0    0    0    0
    0    0    0    0    0    0    0
    0    0    0    0    0    0    0
    0    0    0    0    0    0    0
    0    0    0    0    0    0    0
    0    0    0    0    0    0    0
    0    0    0    0    0    0    0
    0    0    0    0    0    0    0
    0    0    0    0    0    0    0
    0    0    0    0    0    0    0
    0    0    0    0    0    0    0
    0    0    0    0    0    0    0
    0    0    0    0    0    0    0
    0    0    0    0    0    0    0
    0    0    0    0    0    0    0
    0    0    0    0    0    0    0
    0    0    0    0    0    0    0
    0    0    0    0    0    0    0
    0    0    0    0    0    0    0
    0    0    0    0    0    0    0
    0    0    0    0    0    0    0
    0    0    0    0    0    0    0
    0    0    0    0    0    0    0
    0    0    0    0    0    0    0
    0    0    0    0    0    0    0
    0    0    0    0    0    0    0
    0    0    0    0    0    0    0
    0    0    0    0    0    0    0
    0    0    0    0    0    0    0
    0    0    0    0    0    0    0
    0    0    0    0    0    0    0
    0    0    0    0    0    0    0
    0    0    0    0    0    0    0
    0    0    0    0    0    0    0
    0    0    0    0    0    0    0
    0    0    0    0    0    0    0
    0    0    0    0    0    0    0
    0    0    0    0    0    0    0
    0    0    0    0    0    0    0
    0    0    0    0    0    0    0
    0    0    0    0    0    0    0
    0    0    0    0    0    0    0
    0    0    0    0    0    0    0
    0    0    0    0    0    0    0
    0    0    0    0    0    0    0
    0    0    0    0    0    0    0
    0    0    0    0    0    0    0
    0    0    0    0    0    0    0
    0    0    0    0    0    0    0
    0    0    0    0    0    0    0
    0    0    0    0    0    0    0
    0    0    0    0    0    0    0
    0    0    0    0    0    0    0
    0    0    0    0    0    0    0
    0    0    0    0    0    0    0
    0    0    0    0    0    0    0
    0    0    0    0    0    0    0
    0    0    0    0    0    0    0
    0    0    0    0    0    0    0
    0    0    0    0    0    0    0
    0    0    0    0    0    0    0
    0    0    0    0    0    0    0
    0    0    0    0    0    0    0
    0    0    0    0    0    0    0
    0    0    0    0    0    0    0
    0    0    0    0    0    0    0
    0    0    0    0    0    0    0
    0    0    0    0    0    0    0
    0    0    0    0    0    0    0
    0    0    0    0    0    0    0
    0    0    0    0    0    0    0
    0    0    0    0    0    0    0
    0    0    0    0    0    0    0
    0    0    0    0    0    0    0
    0    0    0    0    0    0    0
    0    0    0    0    0    0    0
    0    0    0    0    0    0    0
    0    0    0    0    0    0    0
    0    0    0    0    0    0    0
    0    0    0    0    0    0    0
    0    0    0    0    0    0    0
    0    0    0    0    0    0    0
    0    0    0    0    0    0    0
    0    0    0    0    0    0    0
    0    0    0    0    0    0    0
    0    0    0    0    0    0    0
    0    0    0    0    0    0    0
    0    0    0    0    0    0    0
    0    0    0    0    0    0    0
    0    0    0    0    0    0    0
    0    0    0    0    0    0    0
    0    0    0    0    0    0    0
    0    0    0    0    0    0    0
    0    0    0    0    0    0    0
    0    0    0    0    0    0    0
    0    0    0    0    0    0    0
    0    0    0    0    0    0    0
    0    0    0    0    0    0    0
    0    0    0    0    0    0    0
    0    0    0    0    0    0    0
    0    0    0    0    0    0    0
    0    0    0    0    0    0    0
    0    0    0    0    0    0    0
    0    0    0    0    0    0    0
    0    0    0    0    0    0    0
    0    0    0    0    0    0    0
    0    0    0    0    0    0    0
    0    0    0    0    0    0    0
    0    0    0    0    0    0    0
    0    0    0    0    0    0    0
    0    0    0    0    0    0    0
    0    0    0    0    0    0    0
    0    0    0    0    0    0    0
    0    0    0    0    0    0    0
    0    0    0    0    0    0    0
    0    0    0    0    0    0    0
    0    0    0    0    0    0    0
    0    0    0    0    0    0    0
    0    0    0    0    0    0    0
    0    0    0    0    0    0    0
    0    0    0    0    0    0    0
    0    0    0    0    0    0    0
    0    0    0    0    0    0    0
    0    0    0    0    0    0    0
    0    0    0    0    0    0    0
    0    0    0    0    0    0    0
    0    0    0    0    0    0    0
    0    0    0    0    0    0    0
    0    0    0    0    0    0    0
    0    0    0    0    0    0    0
    0    0    0    0    0    0    0
    0    0    0    0    0    0    0
    0    0    0    0    0    0    0
    0    0    0    0    0    0    0
    0    0    0    0    0    0    0
    0    0    0    0    0    0    0
    0    0    0    0    0    0    0
    0    0    0    0    0    0    0
    0    0    0    0    0    0    0
    0    0    0    0    0    0    0
    0    0    0    0    0    0    0
    0    0    0    0    0    0    0
    0    0    0    0    0    0    0
    0    0    0    0    0    0    0
    0    0    0    0    0    0    0
    0    0    0    0    0    0    0
    0    0    0    0    0    0    0
    0    0    0    0    0    0    0
    0    0    0    0    0    0    0
    0    0    0    0    0    0    0
    0    0    0    0    0    0    0
    0    0    0    0    0    0    0
    0    0    0    0    0    0    0
    0    0    0    0    0    0    0
    0    0    0    0    0    0    0
    0    0    0    0    0    0    0
    0    0    0    0    0    0    0
    0    0    0    0    0    0    0                        255

