   32   62   62    0    0  304    0    0    1    1    0    0  HausZelte
   32   62    0    0    0  304    0    0    1    1    0    0  Iglu-Zelte
   33   62   62  409    0  409    1    0    1    1    0    0  Indianer-Zelte
   36   62   62   32    0   32    4    0    1    1    0    0  kleines Haus
   36   62   62   68    0   68    4    0    1    1    0    0  mittleres Haus
   32   62   62  104    0  104    0    0    1    1    0    0  Eisstand
   38   62   62  136    0  136    6    0    1    1    0    0  Hot Dog Stand
   66   62   62  174    0  174   34    0    1    1    0    0  Cocktails
   32   62   62  240    0  240    0    0    1    1    0    0  Bolzplatz
   32   62   62  272    0  272    0    0    1    1    0    0  Tennisplatz
   32   62   62  304    0  304    0    0    1    1    0    0  Park 1A
   32   62   62  336    0  336    0    0    1    1    0    0  Pool
   41   62   62  368    0  368    9    0    1    1    0    0  Fahrradverleih
   38   32   32    0    0    0    6    0    2    1    0    0  groﾟes Haus NW,SO
   55   62  126    0   64    0   23    0    1    1    0    0
   38   32   32   38    0   38    6   30    3    1    0    0  groﾟes Haus NO,SW
   55   62  126   55   64   55   23    0    1    1    0    0
   40   32   32   76    0   76    8    0    2    1    0    0  kleine Villa NW,SO
   56   62  126  110   64  110   24    0    1    1    0    0
   40   32   32  116    0  116    8   30    3    1    0    0  kleine Villa NO,SW
   54   62  126  166   64  166   22    0    1    1    0    0
   39   62   62    0    0    0    7    0    0    0    0    0  mittelgroﾟe Villa
   45   32  156   44  124   44   13   30    3    1    0    0
   44   32  156    0  124    0   12    0    2    1    0    0
   32   62   62   39    0   39    0    0    1    1    0    0
   52   62   62   71    0   71   20    0    0    0    0    0  Luxusvilla
   44   32  156  134  124  134   12   30    3    1    0    0
   45   32  156   89  124   89   13    0    2    1    0    0
   32   62   62  123    0   39    0    0    1    1    0    0
   41   62   62  442    0  442    9    0    1    1    0    0  Palmbar
   38   62   62  483    0  483    6    0    1    1    0    0  Haifischbar
   35   62   62  521    0  521    3    0    1    1    0    0  Kiosk
   35   62  186  563  124  563    3    0    1    1    0    0  Kiosk 2
   32   62  124    0    0  304    0    0    1    1    0    0  H-Landeplatz
   38   62  186   32  124   32    6    0    1    1    0    0  Strandkbe
   45   62   62  155    0  155   13    0    0    0    0    0  Wc Donalds
   45   32  156  224  124  224   13   30    3    1    0    0
   46   32  156  178  124  178   14    0    2    1    0    0
   32   62   62  200    0   39    0    0    1    1    0    0
   35   62   62  232    0  232    3    0    0    0    0    0  Jeep Verleih
   41   32  156  317  124  317    9   30    3    1    0    0
   48   32  156  269  124  269   16    0    2    1    0    0
   32   62   62  267    0   39    0    0    1    1    0    0
   38   62   62  299    0  299    6    0    0    0    0    0  Autosalon
   45   32  156  403  124  403   13   30    3    1    0    0
   45   32  156  358  124  358   13    0    2    1    0    0
   32   62   62  337    0   39    0    0    1    1    0    0
   32   62  250   64  188   64    0    0    0    0    0    0  Mllkippe
   32   32  344  187  312  187    0   30    3    1    0    0
   32   32  344  155  312  155    0    0    2    1    0    0
   32   62  250   96    0   39    0    0    1    1    0    0
   40   62  502   74  440   74    8    0    0    0    0    0  Spielhalle
   46   32  408  385  376  385   14   30    3    1    0    0
   53   32  408  332  376  332   21    0    2    1    0    0
   32   62    0  267    0   39    0    0    1    1    0    0
   50   62  502  114  440  114   18    0    0    0    0    0  Casino
   52   32  408  484  376  484   20   30    3    1    0    0
   53   32  408  431  376  431   21    0    2    1    0    0
   32   62    0  337    0   39    0    0    1    1    0    0
   53   62  502  164  440  164   21    0    0    0    0    0  Disco
   53   32  596    0  564    0   21   30    3    1    0    0
   53   32  408  536  376  536   21    0    2    1    0    0
   32   62    0  404    0   39    0    0    1    1    0    0
   35   62   62  369    0  369    3    0    0    0    0    0  Osterinsel
   40   32  156  492  124  492    8   30    3    1    0    0
   44   32  156  448  124  448   12    0    2    1    0    0
   32   62   62  404    0   39    0    0    1    1    0    0
   38   62   62  436    0  436    6    0    0    0    0    0  Stonehenge
   34   32  156  575  124  575    2   30    3    1    0    0
   43   32  156  532  124  532   11    0    2    1    0    0
   32   62   62  474    0   39    0    0    1    1    0    0
   47   62  186   95  124   95   15    0    1    1    0    0  Baustelle 1 mit Kran
   32   62  248  224    0  304    0    0    1    1    0    0  Baustelle 2
   32   62  248  256    0  304    0    0    1    1    0    0  Baustelle 3
   37   62   62  506    0  506    5    0    0    0    0    0  Kraftwerk
   41   32  344   41  312   41    9   30    3    1    0    0
   41   32  344    0  312    0    9    0    2    1    0    0
   32   62   62  543    0   39    0    0    1    1    0    0
   32   62  250    0  188    0    0    0    0    0    0    0  Kl舐anlage
   41   32  344  114  312  114    9   30    3    1    0    0
   32   32  344   82  312   82    0    0    2    1    0    0
   32   62  250   32    0   39    0    0    1    1    0    0
   35   62  186  528  124  528    3    0    1    1    0    0  BayWatch
   45   62   62  556    0  556   13    0    1    1    0    0  Laden
   32   62  248   32    0  304    0    0    0    0    0    0  Strandleben
   32   62  248   64    0  304    0    0    0    0    0    0
   32   62  248   96    0  304    0    0    0    0    0    0
   32   62  248  128    0  304    0    0    0    0    0    0
   32   62  248  352    0  304    0    0    0    0    0    0
   32   62  248  384    0  304    0    0    0    0    0    0
   32   62  248  416    0  304    0    0    0    0    0    0
   32   62  248  448    0  304    0    0    0    0    0    0
   32   62  248  480    0  304    0    0    0    0    0    0
   32   62  248  512    0  304    0    0    0    0    0    0
   41   62  528  142  466  142    0    0    0    0    0    0  Frei
   41   62  404    0  342    0    9    0    0    0    0    0  Flughafengebaeude oll (NW-SO kl. ol. Flughafen)
   32   62  342  406   94   81    0    0    0    0    0    0  Gras
   46   62   32  127   32   81   14    0    3    0    0    0  Tower oll
   32   62  280   96   94   81    0    0    2    0    0    1  Landebahn 4 oll
   32   62  280  128   94   81    0    0    2    0    0    1  Landebahn 5 oll
   32   62  280  160   94   81    0    0    1    0    0    1  Landebahn 6 oll
   32   62  248  320  124  496    0    0    0    0    0    1  Br…ke NW SO Sand
   32   62  248  288  124  464    0    0    0    0    0    1  Br…ke SW NO Sand
   32   62  186  496  124  496    0    0    0    0    0    1  Br…ke NW So Grass
   32   62  186  464  124  464    0    0    0    0    0    1  Br…ke SW NO Grass
   71   62  126    0   64    0   39    0    0    0    0    0  Hotel 1
   72   32   32  139    0  139   40   30    0    0    0    0
   72   32   32  243    0  243   40   30    3    1    0    0
   70   32   32   37    0   37   38    0    0    0    0    0
   32   62  126   71   64   71    0    0    0    0    0    0
   32   32   32  211    0  211    0   30    3    1    0    0
   37   32   32    0    0    0    5    0    2    1    0    0
   32   32   32  107    0  107    0    0    2    1    0    0
   32   62  126  103   64  103    0    0    1    1    0    0
   67   62  126  135   64  135   35    0    0    0    0    0  Hotel 2
   79   32  220    0  188    0   47   30    0    0    0    0
   86   32  220  111  188  111   54   30    3    1    0    0
   81   32   32  352    0  352   49    0    0    0    0    0
   32   62  126  202   64   71    0    0    0    0    0    0
   32   32  220   79    0  211    0   30    3    1    0    0
   37   32   32  315    0  315    5    0    2    1    0    0
   32   32  188   79    0  107    0    0    2    1    0    0
   32   62  126  234   64  103    0    0    1    1    0    0
   41   62  528  142  466  142    0    0    0    0    0    0  Frei
   71   62  250  477  188  477   39    0    0    0    0    0  Schiefer Turm von Pisa
   85   32  660   43  628   43   53   30    3    1    0    0
   43   32  660    0  628    0   11    0    2    1    0    0
   32   62  188   32    0   39    0    0    1    1    0    0
   41   62  404    0  342    0    9    0    0    0    0    0  Flughafengebaeude oll (NO-SW kl. ol. Flughafen)
   32   62  280    0   94   81    0    0    3    0    0    1  Landebahn 1 oll
   32   62  342  406   94   81    0    0    0    0    0    1  Gras
   32   62  280   32   94   81    0    0    3    0    0    1  Landebahn 2 oll
   46   62   32  127   32   81   14    0    2    0    0    0  Tower oll
   32   62  280   64   94   81    0    0    1    0    0    1  Landebahn 3 oll
   32   62  280   96   94   81    0    0    0    0    0    1  Landebahn 4 oll (NW-SO gr. ol. Flughafen)
   32   62  280  128   94   81    0    0    0    0    0    1  Landebahn 5 oll
   32   62  280  128   94   81    0    0    0    0    0    1  Landebahn 5 oll
   32   62  280  160   94   81    0    0    3    0    0    1  Landebahn 6 oll
   41   62  404    0  342    0    9    0    0    0    0    0  Flughafengebaeude oll
   32   62  342  406   94   81    0    0    0    0    0    0  Gras
   46   62   32  127   32   81   14    0    0    0    0    0  Tower oll
   32   62  342  406   94   81    0    0    3    0    0    0  Gras
   32   62  280   96   94   81    0    0    2    0    0    1  Landebahn 4 oll
   32   62  280  128   94   81    0    0    2    0    0    1  Landebahn 5 oll
   32   62  280  128   94   81    0    0    2    0    0    1  Landebahn 5 oll
   32   62  280  160   94   81    0    0    1    0    0    1  Landebahn 6 oll
   32   62  280    0   94   81    0    0    0    0    0    1  Landebahn 1 oll (NO-SW gr. ol. Flughafen)
   41   62  404    0  342    0    9    0    0    0    0    0  Flughafengebaeude oll
   32   62  280    0   94   81    0    0    3    0    0    1  Landebahn 1 oll
   32   62  280   32   94   81    0    0    0    0    0    1  Landebahn 2 oll
   32   62  342  406   94   81    0    0    0    0    0    0  Gras
   32   62  280   32   94   81    0    0    3    0    0    1  Landebahn 2 oll
   32   62  280   32   94   81    0    0    0    0    0    1  Landebahn 2 oll
   46   62   32  127   32   81   14    0    0    0    0    0  Tower oll
   32   62  280   32   94   81    0    0    3    0    0    1  Landebahn 2 oll
   32   62  280   64   94   81    0    0    2    0    0    1  Landebahn 3 oll
   32   62  342  406   94   81    0    0    2    0    0    0  Gras
   32   62  280   64   94   81    0    0    1    0    0    1  Landebahn 3 oll
   45   62  404   87  342   87   13    0    0    0    0    0  Flughafengebaeude normal (NW-SO kl. no. Flughafen)
   32   62  342  406   94   81    0    0    0    0    0    0  Gras
   46   62  404   41  342   41   14    0    0    0    0    0  Tower normal
   32   62  342  406   94   81    0    0    3    0    0    0  Gras
   32   62  218   96   94   81    0    0    2    0    0    1  Landebahn 4 normal
   32   62  218  128   94   81    0    0    2    0    0    1  Landebahn 5 normal
   32   62  218  128   94   81    0    0    2    0    0    1  Landebahn 5 normal
   32   62  218  160   94   81    0    0    1    0    0    1  Landebahn 6 normal
   45   62  404   87  342   87   13    0    0    0    0    0  Flughafengebaeude normal (NO-SW kl. no. Flughafen)
   32   62  218    0   94   81    0    0    3    0    0    1  Landebahn 1 normal
   32   62  342  406   94   81    0    0    0    0    0    0  Gras
   32   62  218   32   94   81    0    0    3    0    0    1  Landebahn 2 normal
   46   62  404   41  342   41   14    0    0    0    0    0  Tower normal
   32   62  218   32   94   81    0    0    3    0    0    1  Landebahn 2 normal
   32   62  342  406   94   81    0    0    2    0    0    0  Gras
   32   62  218   64   94   81    0    0    1    0    0    1  Landebahn 3 normal
   32   62  218   96   94   81    0    0    0    0    0    1  Landebahn 4 normal (NW-SO gr. no. Flughafen)
   32   62  218  128   94   81    0    0    0    0    0    1  Landebahn 5 normal
   32   62  218  128   94   81    0    0    0    0    0    1  Landebahn 5 normal
   32   62  218  128   94   81    0    0    0    0    0    1  Landebahn 5 normal
   32   62  218  128   94   81    0    0    0    0    0    1  Landebahn 5 normal
   32   62  218  160   94   81    0    0    3    0    0    1  Landebahn 6 normal
   32   62  342  406   94   81    0    0    0    0    0    0  Gras
   45   62  404   87  342   87   13    0    0    0    0    0  Flughafengebaeude normal
   32   62  342  406   94   81    0    0    0    0    0    0  Gras
   32   62  342  406   94   81    0    0    0    0    0    0  Gras
   46   62  404   41  342   41   14    0    0    0    0    0  Tower normal
   32   62  342  406   94   81    0    0    3    0    0    0  Gras
   32   62  218   96   94   81    0    0    2    0    0    1  Landebahn 4 normal
   32   62  218  128   94   81    0    0    2    0    0    1  Landebahn 5 normal
   32   62  218  128   94   81    0    0    2    0    0    1  Landebahn 5 normal
   32   62  218  128   94   81    0    0    2    0    0    1  Landebahn 5 normal
   32   62  218  128   94   81    0    0    2    0    0    1  Landebahn 5 normal
   32   62  218  160   94   81    0    0    1    0    0    1  Landebahn 6 normal
   32   62  218    0   94   81    0    0    0    0    0    1  Landebahn 1 normal (NO-SW gr. no. Flughafen)
   32   62  342  406   94   81    0    0    0    0    0    0  Gras
   32   62  218    0   94   81    0    0    3    0    0    1  Landebahn 1 normal
   32   62  218   32   94   81    0    0    0    0    0    1  Landebahn 2 normal
   45   62  404   87  342   87   13    0    0    0    0    0  Flughafengebaeude normal
   32   62  218   32   94   81    0    0    3    0    0    1  Landebahn 2 normal
   32   62  218   32   94   81    0    0    0    0    0    1  Landebahn 2 normal
   32   62  342  406   94   81    0    0    0    0    0    0  Gras
   32   62  218   32   94   81    0    0    3    0    0    1  Landebahn 2 normal
   32   62  218   32   94   81    0    0    0    0    0    1  Landebahn 2 normal
   32   62  342  406   94   81    0    0    0    0    0    0  Gras
   32   62  218   32   94   81    0    0    3    0    0    1  Landebahn 2 normal
   32   62  218   32   94   81    0    0    0    0    0    1  Landebahn 2 normal
   46   62  404   41  342   41   14    0    0    0    0    0  Tower normal
   32   62  218   32   94   81    0    0    3    0    0    1  Landebahn 2 normal
   32   62  218   64   94   81    0    0    2    0    0    1  Landebahn 3 normal
   32   62  342  406   94   81    0    0    2    0    0    1  Gras
   32   62  218   64   94   81    0    0    1    0    0    1  Landebahn 3 normal
   49   62   94    0   32    0   17    0    0    0    0    0  Flughafengebaeude toll 1 (NW-SO kl. to. Flughafen)
   44   32    0  136    0   46   12   30    0    0    0    0  Flughafengebaeude toll 2
   32   62  342  406   94   81    0    0    0    0    0    1  Gras
   59   62  404  132  342  132   27    0    0    0    0    0  Tower toll
   32   62  342  406   94   81    0    0    3    0    0    0  Gras
   46   32    0   90    0    0   14    0    0    0    0    0  Flughafengebaeude toll 3
   32   62   94   49   32   49    0    0    0    0    0    0  Flughafengebaeude toll 4
   32   62  342  406   94   81    0    0    0    0    0    0  Gras
   32   62  342  406   94   81    0    0    0    0    0    0  Gras
   32   62  342  406   94   81    0    0    3    0    0    0  Gras
   32   62  156   96   94  145    0    0    2    0    0    1  Landebahn 4 toll
   32   62  156  128   94  145    0    0    2    0    0    1  Landebahn 5 toll
   32   62  156  128   94  145    0    0    2    0    0    1  Landebahn 5 toll
   32   62  156  128   94  145    0    0    2    0    0    1  Landebahn 5 toll
   32   62  156  160   94  145    0    0    1    0    0    1  Landebahn 6 toll
   49   62   94    0   32    0   17    0    0    0    0    0  Flughafengebaeude toll 1 (NO-SW kl. to. Flughafen)
   44   32    0  136    0   46   12   30    0    0    0    0  Flughafengebaeude toll 2
   32   62  156    0   94  113    0    0    3    0    0    1  Landebahn 1 toll
   46   32    0   90    0    0   14    0    0    0    0    0  Flughafengebaeude toll 3
   32   62   94   49   32   49    0    0    0    0    0    0  Flughafengebaeude toll 4
   32   62  156   32   94  113    0    0    3    0    0    1  Landebahn 2 toll
   32   62  342  406   94   81    0    0    0    0    0    0  Gras
   32   62  342  406   94   81    0    0    0    0    0    0  Gras
   32   62  156   32   94  113    0    0    3    0    0    1  Landebahn 2 toll
   59   62  404  132  342  132   27    0    0    0    0    0  Tower toll
   32   62  342  406   94   81    0    0    0    0    0    0  Gras
   32   62  156   32   94  113    0    0    3    0    0    1  Landebahn 2 toll
   32   62  342  406   94   81    0    0    2    0    0    0  Gras
   32   62  342  406   94   81    0    0    2    0    0    0  Gras
   32   62  156   64   94  113    0    0    1    0    0    1  Landebahn 3 toll
   32   62  156   96   94  145    0    0    0    0    0    1  Landebahn 4 toll (NW-SO gr. to. Flughafen)
   32   62  156  128   94  145    0    0    0    0    0    1  Landebahn 5 toll
   32   62  156  128   94  145    0    0    0    0    0    1  Landebahn 5 toll
   32   62  156  128   94  145    0    0    0    0    0    1  Landebahn 5 toll
   32   62  156  128   94  145    0    0    0    0    0    1  Landebahn 5 toll
   32   62  156  128   94  145    0    0    0    0    0    1  Landebahn 5 toll
   32   62  156  160   94  145    0    0    3    0    0    1  Landebahn 6 toll
   49   62   94    0   32    0   17    0    0    0    0    0  Flughafengebaeude toll 1
   44   32    0  136    0   46   12   30    0    0    0    0  Flughafengebaeude toll 2
   32   62  342  406   94   81    0    0    0    0    0    0  Gras
   32   62  342  406   94   81    0    0    0    0    0    0  Gras
   59   62  404  132  342  132   27    0    0    0    0    0  Tower toll
   32   62  342  406   94   81    0    0    0    0    0    0  Gras
   32   62  342  406   94   81    0    0    3    0    0    0  Gras
   46   32    0   90    0    0   14    0    0    0    0    0  Flughafengebaeude toll 3
   32   62   94   49   32   49    0    0    0    0    0    0  Flughafengebaeude toll 4
   32   62  342  406   94   81    0    0    0    0    0    0  Gras
   32   62  342  406   94   81    0    0    0    0    0    0  Gras
   32   62  342  406   94   81    0    0    0    0    0    0  Gras
   49   62   94    0   32    0   17    0    0    0    0    0  Flughafengebaeude toll 1
   44   32    0  136    0   46   12   30    3    0    0    0  Flughafengebaeude toll 2
   32   62  342  406   94   81    0    0    0    0    0    0  Gras
   32   62  342  406   94   81    0    0    0    0    0    0  Gras
   59   62  404  132  342  132   27    0    0    0    0    0  Tower toll
   32   62  342  406   94   81    0    0    0    0    0    0  Gras
   32   62  342  406   94   81    0    0    0    0    0    0  Gras
   46   32    0   90    0    0   14    0    0    0    0    0  Flughafengebaeude toll 3
   32   62   94   49   32   49    0    0    3    0    0    0  Flughafengebaeude toll 4
   32   62  156   96   94  145    0    0    2    0    0    1  Landebahn 4 toll
   32   62  156  128   94  145    0    0    2    0    0    1  Landebahn 5 toll
   32   62  156  128   94  145    0    0    2    0    0    1  Landebahn 5 toll
   32   62  156  128   94  145    0    0    2    0    0    1  Landebahn 5 toll
   32   62  156  128   94  145    0    0    2    0    0    1  Landebahn 5 toll
   32   62  156  128   94  145    0    0    2    0    0    1  Landebahn 5 toll
   32   62  156  160   94  145    0    0    1    0    0    1  Landebahn 6 toll
   32   62  156    0   94  113    0    0    0    0    0    1  Landebahn 1 toll (NO-SW gr. to. Flughafen)
   49   62   94    0   32    0   17    0    0    0    0    0  Flughafengebaeude toll 1
   44   32    0  136    0   46   12   30    0    0    0    0  Flughafengebaeude toll 2
   32   62  342  406   94   81    0    0    0    0    0    0  Gras
   32   62  156    0   94  113    0    0    3    0    0    1  Landebahn 1 toll
   32   62  156   32   94  113    0    0    0    0    0    1  Landebahn 2 toll
   46   32    0   90    0    0   14    0    0    0    0    0  Flughafengebaeude toll 3
   32   62   94   49   32   49    0    0    0    0    0    0  Flughafengebaeude toll 4
   32   62  342  406   94   81    0    0    0    0    0    0  Gras
   32   62  156   32   94  113    0    0    3    0    0    1  Landebahn 2 toll
   32   62  156   32   94  113    0    0    0    0    0    1  Landebahn 2 toll
   32   62  342  406   94   81    0    0    0    0    0    0  Gras
   32   62  342  406   94   81    0    0    0    0    0    0  Gras
   59   62  404  132  342  132   27    0    0    0    0    0  Tower toll
   32   62  156   32   94  113    0    0    3    0    0    1  Landebahn 2 toll
   32   62  156   32   94  113    0    0    0    0    0    1  Landebahn 2 toll
   32   62  342  406   94   81    0    0    0    0    0    0  Gras
   32   62  342  406   94   81    0    0    0    0    0    0  Gras
   32   62  342  406   94   81    0    0    0    0    0    0  Gras
   32   62  156   32   94  113    0    0    3    0    0    1  Landebahn 2 toll
   32   62  156   32   94  113    0    0    0    0    0    1  Landebahn 2 toll
   59   62  404  132  342  132   27    0    0    0    0    0  Tower toll
   32   62  342  406   94   81    0    0    0    0    0    0  Gras
   32   62  342  406   94   81    0    0    0    0    0    0  Gras
   32   62  156   32   94  113    0    0    3    0    0    1  Landebahn 2 toll
   32   62  156   32   94  113    0    0    0    0    0    1  Landebahn 2 toll
   32   62  342  406   94   81    0    0    0    0    0    0  Gras
   49   62   94    0   32    0   17    0    0    0    0    0  Flughafengebaeude toll 1
   44   32    0  136    0   46   12   30    0    0    0    0  Flughafengebaeude toll 2
   32   62  156   32   94  113    0    0    3    0    0    1  Landebahn 2 toll
   32   62  156   64   94  113    0    0    2    0    0    1  Landebahn 3 toll
   32   62  342  406   94   81    0    0    2    0    0    0  Gras
   46   32    0   90    0    0   14    0    2    0    0    0  Flughafengebaeude toll 3
   32   62   94   49   32   49    0    0    2    0    0    0  Flughafengebaeude toll 4
   32   62  156   64   94  113    0    0    1    0    0    1  Landebahn 3 toll
   41   62  682  320  310  144    0    0    0    0    0    2  Meerbrcke Anfang SO
   32   62  682  361  310  185    0    0    0    0    0    2  Meerbrcke Anfang NO
   32   62  682  393  310  217    0    0    0    0    0    2  Meerbrcke Anfang NW
   41   62  682  425  310  384    0    0    0    0    0    2  Meerbrcke Anfang SW
   41   62  682  466  310  425    9    0    0    0    0    2  Meerbrcke SO-NW
   41   62  682  507  310  466    9    0    0    0    0    2  Meerbrcke SW-NO
   87   62  250  128  188  128   55    0    0    0    0    0  Zweitschlechtestes Hotel
   87   32  344  307  312  307   55   30    3    1    0    0
   88   32  344  219  312  219   56    0    2    1    0    0
   32   62  250  215    0   39    0    0    1    1    0    0
   65   62  250  247  188  247   33    0    0    0    0    0  Schlechtestes Hotel
   40   32  344  460  312  460    8   30    3    1    0    0
   66   32  344  394  312  394   34    0    2    1    0    0
   32   62  250  312    0   39    0    0    1    1    0    0
   82   62  126  266   64  266   50    0    0    0    0    0  Lila Hotel
   84   32  284    0  252    0   52   30    0    0    0    0
   68   32  220  377  188  377   36   30    3    1    0    0
   81   32  220  264  188  264   49    0    0    0    0    0
   32   62  126  348   64   71    0    0    0    0    0    0
   32   32  284   84    0  211    0   30    3    1    0    0
   67   32  220  197  188  197   35    0    2    1    0    0
   32   32  220  345    0  107    0    0    2    1    0    0
   32   62  126  380   64  103    0    0    1    1    0    0
   99   62  126  220   64  220   67    0    0    0    0    0  KingsHotel
  102   32  220    0  188    0   70   30    0    0    0    0
  102   32  220  166  188  166   70   30    0    0    0    0
   54   32  284  160  252  160   22   30    3    1    0    0
   96   32  284    0  252    0   64    0    0    0    0    0
   32   62  252  214   64  277    0    0    0    0    0    0
   32   32  220  102  188  102    0   30    0    0    0    0
   32   32  220  268  188  268    0   30    3    1    0    0
   96   32   32  196    0  196   64    0    0    0    0    0
   32   32  284   96  252   96    0    0    0    0    0    0
   32   62  252  246   64  277    0    0    0    0    0    0
   32   32  220  134  188  134    0   30    3    1    0    0
   40   32   32  156    0  156    8    0    2    1    0    0
   32   32   32  292    0  292    0    0    2    1    0    0
   32   32  284  128  252  128    0    0    2    1    0    0
   32   62  252  278   64  302    0    0    1    1    0    0
   45   62  186  142  124  142   13    0    1    1    0    0  Juwelier
   32   62  372    0  310    0    0    0    1    1    0    0  Beachvolleyball
   32   62  186    0    0  304    0    0    1    1    0    0  Stand auf Rasen
   32   62  248    0    0  304    0    0    1    1    0    0  Stand auf Sand
   37   62  250  344  188  344    5    0    0    0    0    0  rundes Restaurant
   48   32  344  538  312  538   16   30    3    1    0    0
   38   32  344  500  312  500    6    0    2    1    0    0
   32   62  188  312    0   39    0    0    1    1    0    0
   52   62  250  381  188  381   20    0    0    0    0    0  Gourmettempel
   51   32  408   37  376   37   19   30    3    1    0    0
   37   32  408    0  376    0    5    0    2    1    0    0
   32   62  188  215    0   39    0    0    1    1    0    0
   44   62  250  433  188  433   12    0    0    0    0    0  Supermarkt
   45   32  408  133  376  133   13   30    3    1    0    0
   45   32  408   88  376   88   13    0    2    1    0    0
   32   62  188   96    0   39    0    0    1    1    0    0
   38   62  502    0  440    0    6    0    0    0    0    0  Badeanstalt
   42   32  408  226  376  226   10   30    3    1    0    0
   48   32  408  178  376  178   16    0    2    1    0    0
   32   62    0  123    0   39    0    0    1    1    0    0
   36   62  502   38  440   38    4    0    0    0    0    0  Minigolf
   32   32  408  300  376  300    0   30    3    1    0    0
   32   32  408  268  376  268    0    0    2    1    0    0
   32   62    0  200    0   39    0    0    1    1    0    0
   40   62  378    0  316    0    8    0    0    0    0    0  Club Maritim
   36   32  284  221  252  221    4   30    0    0    0    0
   32   32  284  289  252  289    0   30    3    1    0    0
   37   32  284  152  252  152    5    0    0    0    0    0
   32   62   64  202   64   71    0    0    0    0    0    0
   32   32  284  257    0  211    0   30    3    1    0    0
   36   32  284  116  252  116    4    0    2    1    0    0
   32   32  284  189    0  107    0    0    2    1    0    0
   32   62   64  234   64  103    0    0    1    1    0    0
   62   62  378  104  316  104   30    0    0    0    0    0  Club Jungle
   47   32  472    0  440    0   15   30    0    0    0    0
   59   32  472   79  440   79   27   30    3    1    0    0
   55   32  284  356  252  356   23    0    0    0    0    0
   32   62   64  348   64   71    0    0    0    0    0    0
   32   32  472   47    0  211    0   30    3    1    0    0
   35   32  284  321  252  321    3    0    2    1    0    0
   32   32  284  411    0  107    0    0    2    1    0    0
   32   62   64  380   64  103    0    0    1    1    0    0
   77   62  378  337  316  337   45    0    0    0    0    0  Big Store
   74   32  536   74  504   74   42   30    0    0    0    0
   32   32  220  445  188  445    0   30    3    1    0    0
   74   32  536    0  504    0   42    0    0    0    0    0
   32   62  378   40   64   71    0    0    0    0    0    0
   32   32  252  411    0  211    0   30    3    1    0    0
   40   32  472  362  440  362    8    0    2    1    0    0
   32   32  440   47    0  107    0    0    2    1    0    0
   32   62  378   72   64  103    0    0    1    1    0    0
   43   62  378  230  316  230   11    0    0    0    0    0  Zoo
   40   32  472  250  440  250    8   30    0    0    0    0
   40   32  472  322  440  322    8   30    3    1    0    0
   40   32  472  178  440  178    8    0    0    0    0    0
   32   62   64  447   64   71    0    0    0    0    0    0
   32   32  472  290    0  211    0   30    3    1    0    0
   40   32  472  138  440  138    8    0    2    1    0    0
   32   32  472  218    0  107    0    0    2    1    0    0
   32   62  126  447   64  103    0    0    1    1    0    0
   44   62  630    0  568    0   12    0    0    0    0    0  Wasserpark
   44   32   32  433    0  433   12   30    0    0    0    0
   41   32  536  235  504  235    9   30    3    1    0    0
   39   32  536  196  504  196    7    0    0    0    0    0
   32   62  316   40   64   71    0    0    0    0    0    0
   32   32  252   84    0  211    0   30    3    1    0    0
   48   32  536  148  504  148   16    0    2    1    0    0
   32   32  188  345    0  107    0    0    2    1    0    0
   32   62  316   72   64  103    0    0    1    1    0    0
   46   62  372   32  310   32   14    0    1    1    0    0  Champagnerbar
  148   62  630   44  568   44  116    0    0    0    0    0  Eifelturm
   61   32  724   93  692   93   29   30    0    0    0    0
   34   32  472  402  440  402    2   30    3    1    0    0
   61   32  724    0  692    0   29    0    0    0    0    0
   32   62  378  166   64   71    0    0    0    0    0    0
   32   32  724  154    0  211    0   30    3    1    0    0
   35   32  284  443  252  443    3    0    2    1    0    0
   32   32  724   61    0  107    0    0    2    1    0    0
   32   62  378  198   64  103    0    0    1    1    0    0
   57   62  250  548  188  548   25    0    0    0    0    0  Theater
   47   32  596  120  564  120   15   30    3    1    0    0
   67   32  596   53  564   53   35    0    2    1    0    0
   32   62    0  474    0   39    0    0    1    1    0    0
  142   62  502  258  440  258  110    0    0    0    0    0  Freiheitsstatue
   84   32  596  316  564  316   52   30    3    1    0    0
  149   32  596  167  564  167  117    0    2    1    0    0
   32   62    0  575    0   39    0    0    1    1    0    0
   32   62  280   96   94   81    0    0    0    0    0    1  Rckansicht(40) Landebahn 4 oll
   32   62  280  128   94   81    0    0    0    0    0    1   Landebahn 5 oll
   32   62  280  160   94   81    0    0    3    0    0    1   Landebahn 6 oll
   41   62  404    0  342    0    9    0    2    0    0    0   Flughafengebaeude oll
   32   62  342  406   94   81    0    0    2    0    0    0   Gras
   46   62   32  127   32   81   14    0    1    0    0    0   Tower oll
   32   62  280    0   94   81    0    0    0    0    0    1  Rckansicht(41) Landebahn 1 oll
   41   62  404    0  342    0    9    0    3    0    0    0   Flughafengebaeude oll
   32   62  280   32   94   81    0    0    0    0    0    1   Landebahn 2 oll
   32   62  342  406   94   81    0    0    3    0    0    0   Gras
   32   62  280   64   94   81    0    0    2    0    0    1   Landebahn 3 oll
   46   62   32  127   32   81   14    0    1    0    0    0   Tower oll
   32   62  218   96   94   81    0    0    0    0    0    1  Rckansicht(44) Landebahn 4 normal
   32   62  218  128   94   81    0    0    0    0    0    1   Landebahn 5 normal
   32   62  218  128   94   81    0    0    0    0    0    1   Landebahn 5 normal
   32   62  218  160   94   81    0    0    3    0    0    1   Landebahn 6 normal
   45   62  404   87  342   87   13    0    2    0    0    0   Flughafengebaeude normal
   32   62  342  406   94   81    0    0    2    0    0    0   Gras
   46   62  404   41  342   41   14    0    2    0    0    0   Tower normal
   32   62  342  406   94   81    0    0    1    0    0    0   Gras
   32   62  218    0   94   81    0    0    0    0    0    1  Rckansicht(45) Landebahn 1 normal
   45   62  404   87  342   87   13    0    3    0    0    0   Flughafengebaeude normal
   32   62  218   32   94   81    0    0    0    0    0    1   Landebahn 2 normal
   32   62  342  406   94   81    0    0    3    0    0    0   Gras
   32   62  218   32   94   81    0    0    0    0    0    1   Landebahn 2 normal
   46   62  404   41  342   41   14    0    3    0    0    0   Tower normal
   32   62  218   64   94   81    0    0    2    0    0    1   Landebahn 3 normal
   32   62  342  406   94   81    0    0    1    0    0    0   Gras
   32   62  156   96   94  145    0    0    0    0    0    1  Rckansicht(48) Landebahn 4 toll
   32   62  156  128   94  145    0    0    0    0    0    1   Landebahn 5 toll
   32   62  156  128   94  145    0    0    0    0    0    1   Landebahn 5 toll
   32   62  156  128   94  145    0    0    0    0    0    1   Landebahn 5 toll
   32   62  156  160   94  145    0    0    3    0    0    1   Landebahn 6 toll
   49   62   94    0   32    0   17    0    0    0    0    0   Flughafengebaeude toll 1
   44   32    0  136    0   46   12   30    0    0    0    0   Flughafengebaeude toll 2
   32   62  342  406   94   81    0    0    0    0    0    0   Gras
   59   62  404  132  342  132   27    0    0    0    0    0   Tower toll
   32   62  342  406   94   81    0    0    3    0    0    0   Gras
   46   32    0   90    0    0   14    0    2    0    0    0   Flughafengebaeude toll 3
   32   62   94   49   32   49    0    0    2    0    0    0   Flughafengebaeude toll 4
   32   62  342  406   94   81    0    0    2    0    0    0   Gras
   32   62  342  406   94   81    0    0    2    0    0    0   Gras
   32   62  342  406   94   81    0    0    1    0    0    0   Gras
   32   62  156    0   94  113    0    0    0    0    0    1  Rckansicht(49) Landebahn 1 toll
   49   62   94    0   32    0   17    0    0    0    0    0   Flughafengebaeude toll 1
   44   32    0  136    0   46   12   30    3    0    0    0   Flughafengebaeude toll 2
   32   62  156   32   94  113    0    0    0    0    0    1   Landebahn 2 toll
   46   32    0   90    0    0   14    0    0    0    0    0   Flughafengebaeude toll 3
   32   62   94   49   32   49    0    0    3    0    0    0   Flughafengebaeude toll 4
   32   62  156   32   94  113    0    0    0    0    0    1   Landebahn 2 toll
   32   62  342  406   94   81    0    0    0    0    0    0   Gras
   32   62  342  406   94   81    0    0    3    0    0    0   Gras
   32   62  156   32   94  113    0    0    0    0    0    1   Landebahn 2 toll
   59   62  404  132  342  132   27    0    0    0    0    0   Tower toll
   32   62  342  406   94   81    0    0    3    0    0    0   Gras
   32   62  156   64   94  113    0    0    2    0    0    1   Landebahn 3 toll
   32   62  342  406   94   81    0    0    2    0    0    0   Gras
   32   62  342  406   94   81    0    0    1    0    0    0   Gras
   41   62  372   78  310   78    9    0    1    1    0    0  Park 1B
   44   62  372  119  310  119   12    0    1    1    0    0  Park 1C
   41   62  502  217  440  217    9    0    0    0    0    0  Park 2A
   43   32  596  440  564  440   11   30    3    1    0    0
   40   32  596  400  564  400    8    0    2    1    0    0
   32   62    0  543    0   39    0    0    1    1    0    0
   47   62  502  400  440  400   15    0    0    0    0    0  Park 2B
   44   32  596  527  564  527   12   30    3    1    0    0
   44   32  596  483  564  483   12    0    2    1    0    0
   32   62   62  575    0   39    0    0    1    1    0    0
   45   62  630  192  568  192   13    0    0    0    0    0  Park 3A
   32   32  724  218  692  218    0   30    0    0    0    0
   41   32  724  250  692  250    9   30    3    1    0    0
   32   32  724  186  692  186    0    0    0    0    0    0
   32   62  378  273   64   71    0    0    0    0    0    0
   32   32  252  257    0  211    0   30    3    1    0    0
   39   32  472  436  440  436    7    0    2    1    0    0
   32   32  252  189    0  107    0    0    2    1    0    0
   32   62  378  305   64  103    0    0    1    1    0    0
   48   62  630  237  568  237   16    0    0    0    0    0  Park 3B
   49   32  724  415  692  415   17   30    0    0    0    0
   48   32  536  276  504  276   16   30    3    1    0    0
   47   32  724  336  692  336   15    0    0    0    0    0
   32   62  316  273   64   71    0    0    0    0    0    0
   32   32  692  383    0  211    0   30    3    1    0    0
   45   32  724  291  692  291   13    0    2    1    0    0
   32   32  724  383    0  107    0    0    2    1    0    0
   32   62  316  305   64  103    0    0    1    1    0    0
   37   62  404  243  342  243    5    0    1    0    0    0  Hafen 1 SO: Terminal 1
   41   62  528    0  466    0    0    0    0    0    0    0              Steg 1 SO
   30   62  528   41  466   41   -2    0    0    0    0    0  Hafen 1 NO: Steg 1 NO
   37   62  404  243  342  243    5    0    1    0    0    0              Terminal 1
   30   62  528   71  466   71   -2    0    0    0    0    0  Hafen 1 NW: Steg 1 NW
   37   62  404  243  342  243    5    0    1    0    0    0              Terminal 1
   37   62  404  243  342  243    5    0    1    0    0    0  Hafen 1 SW: Terminal 1
   41   62  528  101  466  101    0    0    0    0    0    0              Steg 1 SW
   43   62  280  247  218  247   11    0    1    0    0    0  Hafen 2 SO: Terminal 2 A
   41   62  528  142  466  142    0    0    0    0    0    0              Steg 2 SO
   26   62  528  183  466  183   -6    0    0    0    0    0  Hafen 2 NO: Steg 2 NO
   43   62  280  290  218  290   11    0    1    0    0    0              Terminal 2 B
   26   62  528  209  466  209   -6    0    0    0    0    0  Hafen 2 NW: Steg 2 NW
   43   62  280  247  218  247   11    0    1    0    0    0              Terminal 2 A
   43   62  280  290  218  290   11    0    1    0    0    0  Hafen 2 SW: Terminal 2 B
   41   62  528  235  466  235    0    0    0    0    0    0              Steg 2 SW
   43   62  404  323  342  323   11    0    3    0    0    0  Hafen 3 SO: Terminal 3 B
   41   32    0  314    0  180    0   30    0    0    0    0              Steg 3 SO 0
   32   62  156  224   94   81    0    0    1    0    0    0              Parkplatz SO
   56   62  528  276  466  276   15    0    0    0    0    0              Steg 3 SO 1
   26   32    0  355    0  221   -6    0    0    0    0    0  Hafen 3 NO: Steg 3 NO 0
   39   62  528  332  466  332    7    0    0    0    0    0              Steg 3 NO 1
   43   62  404  280  342  280   11    0    2    0    0    0              Terminal 3 A
   32   62  156  288   94   81    0    0    1    0    0    0              Parkplatz NO
   26   32  156  402    0  247   -6   30    0    0    0    0  Hafen 3 NW: Steg 3 NW 0
   43   62  404  323  342  323   11    0    3    0    0    0              Terminal 3 B
   39   62  528  371  466  371    7    0    0    0    0    0              Steg 3 NW 1
   32   62  156  192   94   81    0    0    1    0    0    0              Parkplatz NW
   43   62  404  280  342  280   11    0    2    0    0    0  Hafen 3 SW: Terminal 3 A
   32   62  156  256   94   81    0    0    1    0    0    0              Parkplatz SW
   41   32    0  381    0  273    0    0    0    0    0    0              Steg 3 SW 0
   56   62  280  333  218  333   15    0    0    0    0    0              Steg 3 SW 1
   52   62  404  191  342  191   20    0    3    0    0    0  Hafen 4 SO: Terminal 4,5
   41   62   94  218   32  218    0    0    0    0    0    0              Steg 4,5 SO B
   32   62  156  224   94   81    0    0    1    0    0    0              Parkplatz SO
   41   62   94  177   32  177    0    0    0    0    0    0              Steg 4,5 SO A
   29   62   94  288   32  288   -3    0    0    0    0    0  Hafen 4 NO: Steg 4,5 NO B
   29   62   94  259   32  259   -3    0    0    0    0    0              Steg 4,5 NO A
   52   62  404  191  342  191   20    0    2    0    0    0              Terminal 4,5
   32   62  156  288   94   81    0    0    1    0    0    0              Parkplatz NO
   29   62   94  317   32  317   -3    0    0    0    0    0  Hafen 4 NW: Steg 4,5 NW B
   52   62  404  191  342  191   20    0    3    0    0    0              Terminal 4,5
   29   62   94  346   32  346   -3    0    0    0    0    0              Steg 4,5 NW A
   32   62  156  192   94   81    0    0    1    0    0    0              Parkplatz NW
   52   62  404  191  342  191   20    0    2    0    0    0  Hafen 4 SW: Terminal 4,5
   32   62  156  256   94   81    0    0    1    0    0    0              Parkplatz SW
   41   62   94  375   32  375    0    0    0    0    0    0              Steg 4,5 SW B
   41   62  156  361  156  320    0    0    0    0    0    0              Steg 4,5 SW A
   52   62  404  191  342  191   20    0    3    0    0    0  Hafen 5 SO: Terminal 4,5
   41   62   94  218   32  218    0    0    0    0    0    0              Steg 4,5 SO B
   32   62  156  224   94   81    0    0    3    0    0    0              Parkplatz SO
   41   62   94  218   32  218    0    0    0    0    0    0              Steg 4,5 SO B
   55   62  280  192  218  192   23    0    1    0    0    0              Leuchtturm
   41   62   94  177   32  177    0    0    0    0    0    0              Steg 4,5 SO A
   29   62   94  288   32  288   -3    0    0    0    0    0  Hafen 5 NO: Steg 4,5 NO B
   29   62   94  288   32  288   -3    0    0    0    0    0              Steg 4,5 NO B
   29   62   94  259   32  259   -3    0    0    0    0    0              Steg 4,5 NO A
   52   62  404  191  342  191   20    0    2    0    0    0              Terminal 4,5
   32   62  156  288   94   81    0    0    2    0    0    0              Parkplatz NO
   55   62  280  192  218  192   23    0    1    0    0    0              Leuchtturm
   29   62   94  317   32  317   -3    0    0    0    0    0  Hafen 5 NW: Steg 4,5 NW B
   52   62  404  191  342  191   20    0    3    0    0    0              Terminal 4,5
   29   62   94  317   32  317   -3    0    0    0    0    0              Steg 4,5 NW B
   32   62  156  192   94   81    0    0    3    0    0    0              Parkplatz NW
   29   62   94  346   32  346   -3    0    0    0    0    0              Steg 4,5 NW A
   55   62  280  192  218  192   23    0    1    0    0    0              Leuchtturm
   52   62  404  191  342  191   20    0    2    0    0    0  Hafen 5 SW: Terminal 4,5
   32   62  156  256   94   81    0    0    2    0    0    0              Parkplatz SW
   55   62  280  192  218  192   23    0    1    0    0    0              Leuchtturm
   41   62   94  375   32  375    0    0    0    0    0    0              Steg 4,5 SW B
   41   62   94  375   32  375    0    0    0    0    0    0              Steg 4,5 SW B
   41   62  156  361  156  320    0    0    0    0    0    0              Steg 4,5 SW A
   35   62  126  412   64  412    3    0    0    0    0    0  Sphinx
   48   32  536  393  504  393   16   30    0    0    0    0
   32   32  536  441  504  441    0   30    3    1    0    0
   32   32  536  361  504  361    0    0    0    0    0    0
   32   62  316  166   64   71    0    0    0    0    0    0
   32   32  692  154    0  211    0   30    3    1    0    0
   37   32  536  324  504  324    5    0    2    1    0    0
   32   32  692   61    0  107    0    0    2    1    0    0
   32   62  316  198   64  103    0    0    1    1    0    0
   42   62  372  163  310  163   10    0    1    1    0    0  Surf-Verleih
  118   62  372  205  310  205   86    0    1    1    0    0  Big Ben
   32   16   16    0    0    0    7   26    0    0    1    0  Palmen
   27   18   50    0   32    0    1   30    0    0    1    0
   26   27   95    0   68    0    0   20    0    0    1    0
   27   22  144    0  122    0    1   20    0    0    1    0
   24   19  185    0  166    0   -2   15    0    0    1    0
   24   22  226    0  204    0   -2   22    0    0    1    0
   29   18  266    0  248    0    3   24    0    0    1    0
   20   14  298    0  284    0   -5   26    0    0    1    0
   13    8  320   16  312   16   -9   28    0    0    1    0  Baby-Palme 1
   16   14  326    0  312    0   -6   25    0    0    1    0  Baby-Palme 2
   32   62   62  272    0  272    0    0    0    1    0    0  TennisWM leer  Tennisplatz
   41   62  372  428  310  428    9    0    0    1    0    0    Tribne leer SW
   32   62   62  272    0  272    0    0    3    1    0    0    Tennisplatz
   41   62  372  323  310  323    9    0    0    1    0    0    Tribne leer SO
   32   62   62  272    0  272    0    0    0    1    0    0    Tennisplatz
   32   62  372  396  310  396    0    0    3    1    0    0    Tribne leer NW
   35   62  186  563  124  563    3    0    2    1    0    0    Kiosk 2
   32   62  372  364  310  364    0    0    2    1    0    0    Tribne leer NO
   32   62   62  272    0  272    0    0    1    1    0    0    Tennisplatz
   32   62   62  272    0  272    0    0    0    1    0    1  TennisWM voll  Tennisplatz
   42   62  248  160  248  544   10    0    0    1    0    0    Tribne voll SW
   32   62   62  272    0  272    0    0    3    1    0    1    Tennisplatz
   43   62  372  469  310  469   11    0    0    1    0    0    Tribne voll SO
   32   62   62  272    0  272    0    0    0    1    0    1    Tennisplatz
   33   62  372  544  310  544    1    0    3    1    0    0    Tribne voll NW
   35   62  186  563  124  563    3    0    2    1    0    0    Kiosk 2
   32   62  372  512  310  512    0    0    2    1    0    0    Tribne voll NO
   32   62   62  272    0  272    0    0    1    1    0    1    Tennisplatz
   41   62  372  323  310  323    9    0    3    1    0    0  SurfWM leer SO  Tribne leer SO
   41   62  372  323  310  323    9    0    3    1    0    0    Tribne leer SO
   41   62  372  323  310  323    9    0    1    1    0    0    Tribne leer SO
   32   62  372  364  310  364    0    0    2    1    0    0  SurfWM leer NO  Tribne leer NO
   32   62  372  364  310  364    0    0    2    1    0    0    Tribne leer NO
   32   62  372  364  310  364    0    0    1    1    0    0    Tribne leer NO
   32   62  372  396  310  396    0    0    3    1    0    0  SurfWM leer NW  Tribne leer NW
   32   62  372  396  310  396    0    0    3    1    0    0    Tribne leer NW
   32   62  372  396  310  396    0    0    1    1    0    0    Tribne leer NW
   41   62  372  428  310  428    9    0    2    1    0    0  SurfWM leer SW  Tribne leer SW
   41   62  372  428  310  428    9    0    2    1    0    0    Tribne leer SW
   41   62  372  428  310  428    9    0    1    1    0    0    Tribne leer SW
   43   62  372  469  310  469   11    0    3    1    0    0  SurfWM voll SO  Tribne voll SO
   43   62  372  469  310  469   11    0    3    1    0    0    Tribne voll SO
   43   62  372  469  310  469   11    0    1    1    0    0    Tribne voll SO
   32   62  372  512  310  512    0    0    2    1    0    0  SurfWM voll NO  Tribne voll NO
   32   62  372  512  310  512    0    0    2    1    0    0    Tribne voll NO
   32   62  372  512  310  512    0    0    1    1    0    0    Tribne voll NO
   33   62  372  544  310  544    1    0    3    1    0    0  SurfWM voll NW  Tribne voll NW
   33   62  372  544  310  544    1    0    3    1    0    0    Tribne voll NW
   33   62  372  544  310  544    1    0    1    1    0    0    Tribne voll NW
   42   62  248  160  248  544   10    0    2    1    0    0  SurfWM voll SW  Tribne voll SW
   42   62  248  160  248  544   10    0    2    1    0    0    Tribne voll SW
   42   62  248  160  248  544   10    0    1    1    0    0    Tribne voll SW
   41   62  372  428  310  428    9    0    3    1    0    0  MissHI leer SW  Tribne leer SW
   47   62  372  577  310  577   15    0    1    1    0    0    Laufsteg
   41   62  372  323  310  323    9    0    2    1    0    0  MissHI leer SO  Tribne leer SO
   47   62  372  577  310  577   15    0    1    1    0    0    Laufsteg
   42   62  248  160  248  544   10    0    3    1    0    0  MissHI voll SW  Tribne voll SW
   47   62  372  577  310  577   15    0    1    1    0    0    Laufsteg
   43   62  372  469  310  469   11    0    2    1    0    0  MissHI voll SO  Tribne voll SO
   47   62  372  577  310  577   15    0    1    1    0    0    Laufsteg
   42   62  502  479  440  479   10    0    0    0    0    0  Pyramide
   35   32  660  163  628  163    3   30    3    1    0    0
   35   32  660  128  628  128    3    0    2    1    0    0
   32   62  440  447    0   39    0    0    1    1    0    0
   53   62  502  521  440  521   21    0    0    0    0    0  Brandenburger Tor
   38   32  596  571  564  571    6   30    3    1    0    0
   57   32  660  198  628  198   25    0    2    1    0    0
   32   62  502  447    0   39    0    0    1    1    0    0

He       xpos       Maskex    ytab     Besitzer?  Ground?
      Breite     ypos     Maskey     xtab    Fundament?  Spriteinfo

   47   62  372  577  310  577   15    0    0    1    0    0    Laufsteg

   41   62  372  323  310  323    9    0    0    1    0    0    Tribne leer SO
   32   62  372  364  310  364    0    0    0    1    0    0    Tribne leer NO
   32   62  372  396  310  396    0    0    0    1    0    0    Tribne leer NW
   41   62  372  428  310  428    9    0    0    1    0    0    Tribne leer SW
   43   62  372  469  310  469   11    0    0    1    0    0    Tribne voll SO
   32   62  372  512  310  512    0    0    0    1    0    0    Tribne voll NO
   33   62  372  544  310  544    1    0    0    1    0    0    Tribne voll NW
   42   62  248  160  248  544   10    0    0    1    0    0    Tribne voll SW



   41   62  528    0  466    0    0    0    0    0    0    0  Steg 1 SO
   30   62  528   41  466   41   -2    0    0    0    0    0  Steg 1 NO
   30   62  528   71  466   71   -2    0    0    0    0    0  Steg 1 NW
   41   62  528  101  466  101    0    0    0    0    0    0  Steg 1 SW
   41   62  528  142  466  142    0    0    0    0    0    0  Steg 2 SO
   26   62  528  183  466  183   -6    0    0    0    0    0  Steg 2 NO
   26   62  528  209  466  209   -6    0    0    0    0    0  Steg 2 NW
   41   62  528  235  466  235    0    0    0    0    0    0  Steg 2 SW
   41   32    0  314    0  180    0   30    0    0    0    0  Steg 3 SO 0
   56   62  528  276  466  276   15    0    0    0    0    0  Steg 3 SO 1
   26   32    0  355    0  221   -6    0    0    0    0    0  Steg 3 NO 0
   39   62  528  332  466  332    7    0    0    0    0    0  Steg 3 NO 1
   26   32  156  402    0  247   -6   30    0    0    0    0  Steg 3 NW 0
   39   62  528  371  466  371    7    0    0    0    0    0  Steg 3 NW 1
   41   32    0  381    0  273    0    0    0    0    0    0  Steg 3 SW 0
   56   62  280  333  218  333   15    0    0    0    0    0  Steg 3 SW 1
   41   62   94  177   32  177    0    0    0    0    0    0  Steg 4,5 SO A
   41   62   94  218   32  218    0    0    0    0    0    0  Steg 4,5 SO B
   29   62   94  259   32  259   -3    0    0    0    0    0  Steg 4,5 NO A
   29   62   94  288   32  288   -3    0    0    0    0    0  Steg 4,5 NO B
   29   62   94  346   32  346   -3    0    0    0    0    0  Steg 4,5 NW A
   29   62   94  317   32  317   -3    0    0    0    0    0  Steg 4,5 NW B
   41   62  156  361  156  320    0    0    0    0    0    0  Steg 4,5 SW A
   41   62   94  375   32  375    0    0    0    0    0    0  Steg 4,5 SW B
   40   62  280  389  218  280    8    0    0    0    0    0  Steg 4,5 SW-NO
   40   62  404  366  342  366    8    0    0    0    0    0  Steg 4,5 SO-NW
   37   62  404  243  342  243    5    0    0    0    0    0  Terminal 1
   43   62  280  247  218  247   11    0    0    0    0    0  Terminal 2 A
   43   62  280  290  218  290   11    0    0    0    0    0  Terminal 2 B
   43   62  404  280  342  280   11    0    0    0    0    0  Terminal 3 A
   43   62  404  323  342  323   11    0    0    0    0    0  Terminal 3 B
   52   62  404  191  342  191   20    0    0    0    0    0  Terminal 4,5
   55   62  280  192  218  192   23    0    0    0    0    0  Leuchtturm
   32   62  156  224   94   81    0    0    0    0    0    0  Parkplatz SO
   32   62  156  288   94   81    0    0    0    0    0    0  Parkplatz NO
   32   62  156  192   94   81    0    0    0    0    0    0  Parkplatz NW
   32   62  156  256   94   81    0    0    0    0    0    0  Parkplatz SW
    0    0    0    0    0    0    0    0    0    0    1    0  Wasser

   32   62  342  406   94   81    0    0    0    0    0    0  Gras

   46   62   32  127   32   81   15    0    0    0    0  Tower oll
   46   62  404   41  342   41   14    0    0    0    0  Tower normal
   59   62  404  132  342  132   27    0    0    0    0  Tower toll
   41   62  404    0  342    0    9    0    0    0    0  Flughafengebaeude oll
   45   62  404   87  342   87   13    0    0    0    0  Flughafengebaeude normal
   49   62   94    0   32    0   17    0    0    0    0  Flughafengebaeude toll 1
   44   32    0  136    0   46   12   30    0    0    0  Flughafengebaeude toll 2
   46   32    0   90    0    0   14    0    0    0    0  Flughafengebaeude toll 3
   32   62   94   49   32   49    0    0    0    0    0  Flughafengebaeude toll 4
   32   62  280    0   94   81    0    0    0    0    0  Landebahn 1 oll
   32   62  280   32   94   81    0    0    0    0    0  Landebahn 2 oll
   32   62  280   64   94   81    0    0    0    0    0  Landebahn 3 oll
   32   62  280   96   94   81    0    0    0    0    0  Landebahn 4 oll
   32   62  280  128   94   81    0    0    0    0    0  Landebahn 5 oll
   32   62  280  160   94   81    0    0    0    0    0  Landebahn 6 oll
   32   62  218    0   94   81    0    0    0    0    0  Landebahn 1 normal
   32   62  218   32   94   81    0    0    0    0    0  Landebahn 2 normal
   32   62  218   64   94   81    0    0    0    0    0  Landebahn 3 normal
   32   62  218   96   94   81    0    0    0    0    0  Landebahn 4 normal
   32   62  218  128   94   81    0    0    0    0    0  Landebahn 5 normal
   32   62  218  160   94   81    0    0    0    0    0  Landebahn 6 normal
   32   62  156    0   94  113    0    0    0    0    0  Landebahn 1 toll
   32   62  156   32   94  113    0    0    0    0    0  Landebahn 2 toll
   32   62  156   64   94  113    0    0    0    0    0  Landebahn 3 toll
   32   62  156   96   94  145    0    0    0    0    0  Landebahn 4 toll
   32   62  156  128   94  145    0    0    0    0    0  Landebahn 5 toll
   32   62  156  160   94  145    0    0    0    0    0  Landebahn 6 toll




Alt:
   41   62  186  188  124  188    0    0    0    0    0    0  Stege
   30   62  186  229  124  229   -2    0    0    0    0    0
   30   62  186  259  124  259   -2    0    0    0    0    0
   41   62  186  289  124  289    0    0    0    0    0    0
   41   62  186  330  124  330    0    0    0    0    0    0  Anleger
   26   62  186  371  124  371   -6    0    0    0    0    0
   26   62  186  397  124  397   -6    0    0    0    0    0
   41   62  186  423  124  423    0    0    0    0    0    0

richtige H臟en 4,5
   52   62  404  191  342  191   20    0    0    0    0    0  Hafen 4 SO: Terminal 4,5
   41   62   94  218   32  218    0    0    0    0    0    0              Steg 4,5 SO B
   40   62  404  366  342  366    8    0    0    0    0    0              Steg 4,5 SO-NW
   32   62  156  224   94   81    0    0    0    0    0    0              Parkplatz SO
   41   62   94  177   32  177    0    0    0    0    0    0              Steg 4,5 SO A
    0    0    0    0    0    0    0    0    0    0    1    0              Wasser
   40   62  280  389  218  280    8    0    0    0    0    0  Hafen 4 NO: Steg 4,5 SW-NO
    0    0    0    0    0    0    0    0    0    0    1    0              Wasser
   26   62   94  288   32  288   -6    0    0    0    0    0              Steg 4,5 NO B
   26   62   94  259   32  259   -6    0    0    0    0    0              Steg 4,5 NO A
   52   62  404  191  342  191   20    0    0    0    0    0              Terminal 4,5
   32   62  156  288   94   81    0    0    0    0    0    0              Parkplatz NO
   40   62  404  366  342  366    8    0    0    0    0    0  Hafen 4 NW: Steg 4,5 SO-NW
   26   62   94  317   32  317   -6    0    0    0    0    0              Steg 4,5 NW B
   52   62  404  191  342  191   20    0    0    0    0    0              Terminal 4,5
    0    0    0    0    0    0    0    0    0    0    1    0              Wasser
   26   62   94  346   32  346   -6    0    0    0    0    0              Steg 4,5 NW A
   32   62  156  192   94   81    0    0    0    0    0    0              Parkplatz NW
   52   62  404  191  342  191   20    0    0    0    0    0  Hafen 4 SW: Terminal 4,5
   32   62  156  256   94   81    0    0    0    0    0    0              Parkplatz SW
   41   62   94  375   32  375    0    0    0    0    0    0              Steg 4,5 SW B
   41   62  156  361  156  320    0    0    0    0    0    0              Steg 4,5 SW A
   40   62  280  389  218  280    8    0    0    0    0    0              Steg 4,5 SW-NO
    0    0    0    0    0    0    0    0    0    0    1    0              Wasser
   52   62  404  191  342  191   20    0    0    0    0    0  Hafen 5 SO: Terminal 4,5
   41   62   94  218   32  218    0    0    0    0    0    0              Steg 4,5 SO B
    0    0    0    0    0    0    0    0    0    0    1    0              Wasser
   32   62  156  224   94   81    0    0    0    0    0    0              Parkplatz SO
   41   62   94  218   32  218    0    0    0    0    0    0              Steg 4,5 SO B
   40   62  404  366  342  366    8    0    0    0    0    0              Steg 4,5 SO-NW
   55   62  280  192  218  192   23    0    0    0    0    0              Leuchtturm
   41   62   94  177   32  177    0    0    0    0    0    0              Steg 4,5 SO A
    0    0    0    0    0    0    0    0    0    0    1    0              Wasser
    0    0    0    0    0    0    0    0    0    0    1    0  Hafen 5 NO: Wasser
   40   62  280  389  218  280    8    0    0    0    0    0              Steg 4,5 SW-NO
    0    0    0    0    0    0    0    0    0    0    1    0              Wasser
   26   62   94  288   32  288   -6    0    0    0    0    0              Steg 4,5 NO B
   26   62   94  288   32  288   -6    0    0    0    0    0              Steg 4,5 NO B
   26   62   94  259   32  259   -6    0    0    0    0    0              Steg 4,5 NO A
   52   62  404  191  342  191   20    0    0    0    0    0              Terminal 4,5
   32   62  156  288   94   81    0    0    0    0    0    0              Parkplatz NO
   55   62  280  192  218  192   23    0    0    0    0    0              Leuchtturm
    0    0    0    0    0    0    0    0    0    0    1    0  Hafen 5 NW: Wasser
   26   62   94  317   32  317   -6    0    0    0    0    0              Steg 4,5 NW B
   52   62  404  191  342  191   20    0    0    0    0    0              Terminal 4,5
   40   62  404  366  342  366    8    0    0    0    0    0              Steg 4,5 SO-NW
   26   62   94  317   32  317   -6    0    0    0    0    0              Steg 4,5 NW B
   32   62  156  192   94   81    0    0    0    0    0    0              Parkplatz NW
    0    0    0    0    0    0    0    0    0    0    1    0              Wasser
   26   62   94  346   32  346   -6    0    0    0    0    0              Steg 4,5 NW A
   55   62  280  192  218  192   23    0    0    0    0    0              Leuchtturm
   52   62  404  191  342  191   20    0    0    0    0    0  Hafen 5 SW: Terminal 4,5
   32   62  156  256   94   81    0    0    0    0    0    0              Parkplatz SW
   55   62  280  192  218  192   23    0    0    0    0    0              Leuchtturm
   41   62   94  375   32  375    0    0    0    0    0    0              Steg 4,5 SW B
   41   62   94  375   32  375    0    0    0    0    0    0              Steg 4,5 SW B
   41   62  156  361  156  320    0    0    0    0    0    0              Steg 4,5 SW A
    0    0    0    0    0    0    0    0    0    0    1    0              Wasser
   40   62  280  389  218  280    8    0    0    0    0    0              Steg 4,5 SW-NO
    0    0    0    0    0    0    0    0    0    0    1    0              Wasser

